Division
Design Services
Digital
Procurement
Screen Print
